38 25 45 
1131131223221112131113312
3321232233332211132211313
3232111133332231323111213
1131121121132221122111131
1121122112311321122211122
2132112123132111321322132
3121112113122112211221313
2311323131122232211313123
2312132312332132211333113
1231333332131122113112233
1322112313312311321133113
1223111122211123133311133
1322333111321111211332121
1311233231121331313323233
1212221212211312221221131
3232233312213121223232322
1111111212312121331112231
1311122332311223331112312
1123121322223112123333221
3131121231132321231223333
3132332332123123112113313
2212332323321323112122211
3113111113312332223133312
3212322131332323221223331
2331311223211332231111312
1221222222233323223223131
2112123311223312111233131
3231133311321112231213321
2111313211313212312312132
3123232132323233313112321
2221223213232233223123123
1312211131312311112313132
2122311212123222233133213
1132311113311332111332222
3222322311122222232221332
3322131322232132221132331
1213233111213131322222312
3123223331331013311223222
