39 30 60 
323122131213333121231322233332
331332213213312212232333123122
112112123321211132232121113312
322133333231222131233133233213
132312312331122331311121121311
311232123223322212123133131231
321213313312231222131333213332
322133211231332321323312113112
121221112222122223311222133131
232321232323222311331112312322
112312231333312222211332331122
313332111113212331222311213233
123212311331112331323122332221
231111333312123312111122312231
113131231131333221211323213323
322231323133232222232323311233
333132221222121233121323311313
331333211331132222233223223221
223213231133112331113132321133
111113123222133322133112213313
332113312322131131333331223311
213123322223333312132121223111
223231332111331311211121112122
311331321221311111131233211332
133223221232133132211331312321
321312213231133311121231323231
323111231311321322331221322231
233231333121112212121133232322
212131233231112321132212221323
231111131231231221333121233311
331133212221121213233331122323
213323211133232322312312123331
213211232313322121312133212212
233223112332222133222322133211
333232232122311123231313113231
231121333312113322213113131111
121232222211231123332212221322
133122312232212323323231322211
111122313232113322313231330321
